3
0
false
100 100
37305
37544
86098
1701
75157
34182
48331
93096
66134
20214
93428
7941
66153
27208
96660
21547
26002
86259
21799
56038
31770
19244
25483
56066
27083
14048
25403
93050
74064
85431
66408
43685
63405
85632
44020
59055
57941
21774
94418
32356
2200
64906
69781
18314
16710
20335
52551
35840
96411
11164
76924
41235
48014
92840
11326
65274
69346
31048
84544
88349
8741
19467
29762
26611
33724
54426
77768
50464
71833
55374
85648
48110
26651
61590
92966
14746
91376
68695
99225
84808
28718
38016
90524
9381
47326
8020
83792
54167
91991
52544
91932
73517
59330
33868
4138
25410
25496
33251
50228
80377
29234
46748
73988
12406
16055
21482
647
90994
22733
56507
38482
83787
50835
94810
2617
57594
79546
45893
99998
71271
49448
25134
82145
94227
1514
99299
42581
30282
5465
63624
50698
86488
49043
15103
20190
509
61568
7783
61147
65848
84324
72067
82458
89460
6007
87134
40378
50421
63861
75835
33497
72443
87704
42012
42778
29633
38242
56330
95835
13783
92863
55322
61087
23328
95570
87894
5897
84558
79649
62392
737
92981
79741
13059
47851
77477
50264
61979
43435
69111
6007
51837
66318
77387
86083
76142
92956
79272
16942
57830
59667
61451
93517
39082
85379
8014
45198
43409
99847
88621
68166
92496
74102
93220
88965
50706
94228
2407
15970
56310
10269
28170
76712
16412
58660
11428
19688
21566
43071
96814
72265
68411
96553
26741
89042
32074
75188
29497
88043
5032
15013
96252
34180
37207
29984
57608
75458
39001
64666
75647
18215
74431
5174
83848
4282
1506
8643
54736
91556
86196
57515
71633
37873
63550
21890
32820
18880
92962
56469
56812
84029
63973
42613
62232
10973
51900
71380
95555
4599
94305
53133
51356
83750
55858
95512
95287
11452
18866
95173
65825
87128
64470
92961
57760
86044
43751
87349
97845
45879
90421
61316
24533
86018
81896
1440
10234
41517
32990
53786
47326
53486
24239
9670
27089
83552
42824
94143
94036
83572
65454
61499
3322
26628
30845
26185
67409
70505
19425
56217
76080
34314
64683
65222
40048
15300
56021
15381
61451
32175
4803
67933
84231
87122
97303
59165
9870
53174
47662
36372
82446
5061
43682
51512
82242
29630
39507
2780
14039
11162
20278
3299
41698
77652
73031
48259
34362
31961
2512
65969
10076
14400
65079
11705
41059
64330
68554
4953
53899
15156
24268
22119
20223
53660
39849
11237
41060
85304
29552
30417
73562
41654
27444
19498
60633
68647
52620
98816
21470
51721
20003
41321
98412
70624
29692
63887
41807
15641
10584
32458
63818
78062
4026
5003
37117
23262
2840
20809
95420
14051
11798
30833
71594
68748
6042
2986
59511
77016
80105
77037
37146
5410
20776
21419
68820
86265
45426
58709
4633
44234
66561
55591
90817
61044
956
85705
73620
10441
35581
75193
60124
97285
34755
98345
55883
56632
77881
66563
85720
59726
88127
93952
99188
78975
79564
11855
85958
14372
59026
52090
35635
45852
6763
33223
94065
34904
91312
11461
53561
79008
992
11848
38147
57692
76239
14848
53150
64051
89188
51365
74188
28906
10691
68715
28113
88055
73371
65720
49930
62154
47783
69565
87138
39540
23269
92852
13567
67981
42902
96671
32121
75425
39031
22971
71507
37420
65518
2361
73677
4612
30746
43651
19340
40591
57403
73917
29208
3839
90448
84120
94405
66202
76066
29392
24535
69084
22721
61266
80418
79744
33755
92889
15670
87972
90646
36048
59067
40018
98098
92605
32577
35890
58534
1817
37382
90124
37256
13470
42226
16924
38213
81543
88415
84870
24522
32488
59951
94956
83179
6281
75655
81670
82467
23512
97166
68086
44848
83285
18446
63726
59235
12792
91777
17950
36130
60554
39220
25965
58242
11508
2869
85966
53570
41374
82365
34969
52711
59989
25303
66585
58833
20056
88026
71415
8678
37150
46434
38113
526
86893
12862
14889
26789
5946
63049
27720
74921
15574
2523
33244
40723
18860
6042
21908
35949
85997
94901
50220
35960
71479
3010
24856
58820
70438
67478
17060
10677
86702
81066
70823
25201
72159
89722
43219
31644
51628
47669
83711
32819
29273
99274
60272
24921
43399
50827
15094
8078
38911
81731
71527
25150
96674
16529
74099
62520
61889
95332
4238
17660
55374
67195
35958
56249
43931
5494
65187
58165
7801
12109
68610
54995
3317
13023
81692
68244
7340
75039
10320
43164
95415
39585
37786
13144
24948
41934
45301
97924
55920
40121
84675
65649
66147
78698
31372
84049
98663
79553
72429
69452
45367
91881
49582
50800
21286
25268
20622
91014
6232
1354
12849
52486
80718
46507
9482
20517
24534
15899
48160
81039
58036
3820
80898
6470
51846
87947
67074
58429
37842
60498
43813
63615
39163
55487
96423
84769
43109
46937
81578
25200
66274
87228
30665
41038
73625
59684
52299
58493
93159
6773
60535
53040
43786
20130
60966
22509
70416
55262
84213
17712
89526
84757
10553
3597
11758
63207
64998
25639
18570
87657
64566
7080
46368
25715
31199
13655
32605
90576
2084
83694
90501
83418
74535
53707
47535
80146
64195
58168
38649
72838
57021
97735
38406
66321
16411
7369
15072
69626
80645
40407
17629
88424
18761
13682
44225
53029
28597
33443
21558
24424
24386
45906
17555
92404
62797
64028
59898
69844
88192
59744
14861
21882
88979
68440
3177
40547
91136
19057
25761
69014
77120
70454
20440
93897
13870
30679
93583
69198
80785
85510
13355
6392
82605
22860
88040
17299
83587
63476
66819
32258
5776
75445
49505
86337
6434
68412
80669
18671
55558
34995
95749
93707
32083
58482
82839
19400
39019
72872
30392
83596
59685
81928
73742
64777
99836
45648
35921
77523
26910
27102
32555
32786
38143
13523
83205
70487
7334
44669
95313
29724
30208
50953
27658
66860
20294
56138
21704
41581
66802
60025
46715
12667
23767
83997
5792
70532
57727
97904
31497
68772
75997
90508
98785
81542
25209
63622
85072
32412
66831
99670
406
66311
80528
30107
17858
80453
70317
23900
36196
2471
83135
91654
28730
95562
11906
65095
16617
77552
2996
75878
46562
90927
7323
45528
81786
56335
21260
458
80461
79936
54839
56368
1395
79885
28728
28941
73212
86359
90160
57971
76047
4634
35862
53477
85007
38525
78751
58478
47240
54663
22417
14790
9773
76897
82843
76470
45487
81334
42925
6722
61472
95574
70002
882
27707
56584
18384
65473
6112
74102
95619
54254
68538
32714
28918
11690
36240
67443
65008
90890
34522
9964
59844
42637
93704
55615
20874
29452
68556
38164
20104
38018
45559
21250
58283
65055
86694
35241
76203
9981
81675
28948
53346
89959
75870
40281
25721
50781
40645
18871
95483
93261
92158
7062
55439
64911
27784
69336
52262
85724
74515
95827
38020
15809
41075
71688
68980
39876
86004
90826
32350
85776
60591
77297
17591
68378
11148
64964
39385
28504
66655
17831
10830
71361
37293
18521
56690
33987
9508
60287
67879
59824
16911
1503
50915
25932
36540
47175
40090
99234
63487
15820
25236
29408
28476
57614
25570
41522
50304
34429
89307
18276
22719
12963
11681
11663
93463
7044
67547
14286
18821
44538
31848
62128
59362
78466
92562
60699
65103
55158
20653
65400
96009
41862
56639
68076
98623
41844
18408
89894
57015
1281
22879
19938
51220
36823
51500
7489
89558
25417
18173
25018
78156
3174
85667
65847
18227
79351
95104
14168
15041
88478
55610
24612
75147
47425
18836
24057
70623
5761
65433
55288
2758
53634
54203
91498
89841
74412
39350
30929
49273
43153
26735
78158
25679
18129
36358
59777
88213
40931
22430
75061
57354
37216
40364
31399
55217
30463
34069
88192
91646
35774
65565
60069
52803
35136
72585
27863
14853
19901
96984
83472
35689
55323
82488
61234
29717
44969
49668
10870
97600
44685
61051
22281
64569
6571
23691
8880
56797
11695
53479
36747
67260
31560
2805
26446
39220
85135
68433
3266
17712
18151
16550
29296
23570
80971
75222
53092
37194
91259
21812
41448
28967
58806
18348
36333
58616
70032
74232
5351
33031
96045
62951
82903
34292
55466
32861
16223
6290
4797
19004
32386
81674
98258
20914
57452
14725
29404
25527
6560
88467
35340
66453
49703
42148
4075
49838
36408
82720
27213
47750
93308
68080
67785
77395
7369
85822
75971
95527
56857
84382
87378
8808
51680
81338
25506
77577
43865
94457
677
53653
19504
12082
16711
99399
70762
46723
31768
91709
40509
54182
88765
7641
79972
16803
8805
44178
96749
22663
73908
78230
34631
1923
9592
94858
28755
36939
74012
25152
43733
64624
51725
86508
16642
18113
81839
18981
98190
94974
64441
13986
53970
67071
95592
50053
82704
31037
11852
85764
97562
30677
84635
70292
21575
91253
11171
65735
9384
92149
52594
47526
11878
22402
41653
8479
86085
6192
44596
43910
76230
32055
39947
15054
83953
54102
30400
74276
82249
4394
21347
50133
1149
3043
5130
93717
35208
11369
17081
89378
67747
86673
23317
53623
5473
36414
38645
51536
73402
41147
65972
15394
92774
77091
10927
99200
39192
62064
87433
37690
58698
89270
40353
1082
59755
73913
6473
80886
98990
41812
90689
20379
57236
19093
94976
38524
61117
15759
87507
93116
27016
61007
41055
76098
72663
58557
33557
7962
19958
43098
91154
92536
98621
75260
8771
73356
79715
8812
21769
46407
19176
48189
81201
39282
6988
31421
19938
26527
18183
79368
64819
28056
67258
32602
87476
95472
82295
49188
95055
96944
51619
71788
6318
28314
72973
81945
97673
26486
46914
23201
41069
74060
79867
18438
45450
19833
59853
87440
23344
5500
98137
17425
63099
82266
12138
38162
31763
80741
51865
19189
50366
37390
55086
14187
78414
52749
37644
78186
18702
25619
26224
95697
56881
52385
97923
75245
77614
2023
22762
3731
17025
80051
22405
31987
17436
77118
8802
66331
97216
91142
37736
7018
38327
63822
42987
70692
91774
82083
77533
45693
47381
51930
47390
57627
47232
347
27018
25614
5036
780
13009
58036
50623
1451
9068
96226
83106
10782
77252
98306
3804
61741
60383
76327
91620
56718
47791
75231
29488
63464
36596
78853
3208
45059
4285
41647
82958
3633
36821
56203
96798
43172
96500
60667
43804
66006
3823
27397
25152
96825
70106
70642
56774
56379
59042
83649
73872
69103
13509
79967
9041
16116
82356
95178
63218
25949
39891
31734
39695
16389
49946
10383
58875
34620
82573
24180
90759
6690
45651
85321
50575
93585
35227
93726
13606
37353
35921
57660
53758
51196
73885
48590
85731
5447
73434
35165
94779
97276
66365
72799
29584
77415
94997
18069
64892
35866
25078
26671
71259
73509
23246
41186
864
5344
61232
3969
31727
59282
47954
47877
30458
11225
67807
88448
19235
99039
179
25384
20000
72588
29247
40645
47716
31389
48898
51124
83479
90458
43040
126
20142
70837
13129
55775
99133
57940
94046
27745
28528
1932
11607
80732
8966
40080
44323
44037
92296
2967
28965
85654
16408
87655
58908
56262
85242
77588
46113
52300
1289
75086
63726
18850
79282
97355
20679
62331
82774
64916
26874
71561
28441
99799
20512
97379
8092
96797
98959
33943
42858
94301
89339
5699
88435
6764
41321
60057
3152
51261
42639
15888
63117
82166
3807
78480
14310
36179
19691
32003
54023
60774
39120
94720
80552
32092
73387
84801
43570
43444
92348
61984
1112
90881
31785
74929
41432
66551
32072
8246
45178
22137
30449
93700
23938
12688
33953
20019
53730
53269
79996
26726
22746
41241
4547
92341
36785
57126
96148
99841
22997
39470
80037
51244
98892
95984
40771
59599
67785
61703
73060
9825
86544
82631
44890
17006
66431
89340
4681
88725
36957
93521
95136
63016
96205
44064
85700
51922
98862
87845
29120
3427
34805
80040
92
51490
79665
25831
3734
23468
10067
73143
71765
81806
51695
10307
29480
85630
62845
80012
18746
16814
49326
77026
29117
56524
15391
74295
2906
30562
95816
72146
73136
85680
4443
18700
56044
86991
21495
19841
54439
84715
95619
25809
95705
8050
1930
8166
5112
92107
61106
53972
63320
94221
52499
27284
15208
40110
18778
63725
1289
95401
66251
73916
99973
54077
65191
26719
43230
98623
31098
83508
82701
39160
71793
64005
65553
28196
63734
74579
96720
79896
27695
4920
39757
39672
77155
61166
15451
63408
20059
47261
71955
16047
44546
81092
7763
28253
28495
94108
43243
8269
60912
87916
83995
41745
48503
15115
32524
80432
89242
32909
3204
33157
77024
90150
61187
96624
73160
98483
80451
17429
80464
46855
93252
6683
86264
14936
94816
59428
22915
75307
74302
8702
16812
47494
818
6280
31975
9618
33687
12971
95486
94840
87821
4661
77324
57620
61349
77946
42458
59840
60283
67519
92102
79141
59451
57271
62806
58763
29262
24074
8893
50075
27721
84352
17059
60804
91257
93208
40711
78167
81813
17277
43432
26727
13919
6994
90741
94277
15064
36627
39492
26836
46473
22173
44297
8539
34713
45708
16408
35624
22852
25024
69284
54299
30269
31866
24256
3470
83207
89200
84826
55499
24936
18912
16026
95858
64979
80269
12187
40010
34366
84126
72326
54936
80638
26321
12854
64767
53563
61379
95739
13336
1187
67625
50408
25409
23682
77442
93158
35733
53131
92107
3664
38617
17268
3132
48487
72588
34480
68918
69880
42084
16032
64845
72671
96796
45913
95766
53264
32168
14914
92098
39532
1402
65548
84766
11179
28483
21879
35191
83654
83874
23666
80247
97401
74072
14595
49802
20747
93738
69097
79303
72792
97243
56460
69413
43243
4440
82395
55470
59539
71962
34304
72558
91143
61334
31503
51715
83933
42189
58476
20910
65937
86636
47085
67088
61190
47466
26795
89209
75159
22610
18265
95717
83231
93468
70656
74726
31307
79692
85917
51731
63217
99225
69513
49343
26661
34335
2077
59603
39214
57783
94911
12177
52224
48771
88704
77916
1017
54588
10078
59826
8839
97232
19116
51027
89306
81153
29590
15421
82664
82831
87683
11123
80392
93928
34416
59846
32849
75599
96881
28045
40849
82010
23438
30512
1886
22947
20175
86906
31107
29560
701
17654
56718
53541
79651
54560
36924
71507
87519
62386
62130
1793
67658
53437
46025
55603
31614
28175
39810
50151
7115
83501
76787
79716
62701
85466
73348
16078
42179
1931
47242
23929
64703
11466
7086
4585
23886
10322
14658
80772
59889
51807
95132
63617
89516
29914
75903
47228
64806
48089
4134
91983
89654
56780
75779
19491
84662
11088
66897
54353
28518
57552
66
86922
75184
74487
65120
45968
66822
3137
45096
22470
83810
81333
53507
20005
8926
57425
12111
20414
9707
12930
93231
34530
4299
99469
66514
8587
50843
97766
16185
79635
37576
7262
36063
63359
69772
1659
96177
22740
62340
93457
31209
11113
94971
88790
20264
76552
64823
41776
40620
26879
19515
61844
25497
13617
97629
82995
64511
77281
58810
9019
74313
20876
57980
13577
24041
41346
93566
37416
34099
97896
27783
56170
7371
58844
56304
70991
1170
24027
33714
5170
17148
38407
93696
47018
57740
1818
4134
57146
8150
28892
56467
57618
54065
67109
76005
77350
3760
49277
37968
64402
71668
57278
18729
51979
15843
20457
9856
52748
89152
59554
78760
27044
56023
5718
4911
98927
34689
23521
6542
17831
72408
38459
36453
78589
33319
23793
40265
44998
34569
95055
78878
99226
54898
45369
96846
15612
65933
28826
38341
69183
70696
43550
81726
1893
94486
30085
46045
66738
64600
29066
85087
99573
39717
61005
65560
57237
73888
86136
76820
1710
57509
39144
92450
76325
37063
76018
17004
56175
3911
37512
63843
75713
74650
21867
37618
43770
85838
34389
9894
70054
74333
41295
52905
59271
44225
32046
12309
48928
34347
14463
97931
57000
71643
97181
1890
10650
53900
38217
25129
75504
93919
97166
92336
97992
5639
29473
56257
12846
84627
79776
66517
91118
45963
74033
68589
45326
31207
60864
31124
92028
27460
34949
89285
78214
80068
86017
20954
5319
90331
10835
8177
40520
84767
37642
46100
60258
69282
6581
83224
92025
79409
26224
41689
80523
15913
45806
47702
90079
92371
68999
91629
18201
60637
14343
55074
39501
95880
13554
68155
42503
2690
56228
98429
47470
36978
57453
19060
69037
15909
11005
89178
18022
99441
343
20257
28240
16811
70816
40758
58102
72747
90675
43988
11139
87527
52304
93415
1603
92540
73836
9838
79120
66606
39229
51817
86067
84386
53304
84072
45128
42583
42691
93598
34873
20745
76254
21836
92070
97374
77259
65327
33666
44086
63554
4190
14165
42053
54464
4142
48224
42738
92696
59037
63367
49161
52446
56576
58425
86347
48973
21398
45806
11805
28181
44238
38965
69914
23364
68019
37831
72490
71676
31367
80745
31864
13230
69080
47030
88709
52845
12310
66423
29627
42833
81261
90208
52794
83461
99844
95054
183
10864
87865
21485
3653
3253
10251
5201
6133
43277
68056
1062
67292
97625
19948
44035
6090
41579
80619
87123
6769
52827
55790
87657
5944
59682
51808
97817
12754
54361
62897
64161
59501
50376
314
16168
85812
59223
45726
38042
98050
33935
37293
24673
22730
51202
16299
76594
36269
25769
18415
27185
3676
13274
98763
91907
54329
31747
52587
36701
95652
85694
8628
5563
56822
11441
19305
50957
12802
1376
36467
47669
30494
30905
30214
33015
34611
54520
86887
34335
74218
97652
91533
51907
5564
38872
91525
92241
24211
37583
52192
16367
81932
21833
66142
94427
44327
36797
2902
18085
63223
43261
28414
34404
3455
58874
84729
31130
12771
85334
73100
17174
64118
77718
5018
71263
90205
60023
22267
664
85251
2316
50142
15052
7623
285
71165
85724
627
47478
98733
56441
61877
29447
63067
84299
37586
65239
39826
91018
418
35210
61275
30195
99287
60982
25863
83382
61173
1542
46599
31467
17009
98703
37129
19765
5645
82576
48799
69461
89911
48679
85231
43867
89932
2268
19578
56123
31705
93207
18835
73583
28824
71235
22168
47144
16577
92943
67705
83140
74554
4322
97059
24900
12867
49758
23350
961
98822
45573
83517
18218
60779
94005
35384
21147
98434
86835
79834
48432
77577
7396
49635
17309
50516
30619
30666
98978
71019
8261
1347
10139
35098
36618
1541
50626
56534
13992
82128
32903
77120
71687
52117
49886
23901
18813
8163
52658
84424
95912
9398
28489
24087
90621
57397
35636
97180
22698
8724
95764
14363
91865
76212
27145
2005
70414
42056
16144
39032
96139
26304
29762
45239
94136
75269
47246
25576
96628
4325
52192
24649
23779
12004
25110
75740
17562
83752
20546
6341
86651
31403
73902
84558
20354
15181
61373
97893
68022
96881
32659
25764
95710
50236
42704
53896
39430
36755
89218
52555
31241
31978
95996
62243
93601
90825
10842
16073
18847
28064
63048
91751
14716
16347
94643
12290
7177
56295
70785
88585
16222
2646
17070
31719
73900
25441
6150
41638
91904
4432
47362
12952
97108
37988
51540
82390
211
4698
30252
93416
36464
14279
82565
53674
42935
34337
27364
88172
67693
6857
51142
15550
98614
54699
59405
98579
6563
61046
69697
52376
27936
9385
24158
56503
65480
37200
96523
26771
94725
64107
11369
62111
10831
20059
85879
23803
43331
34090
40964
72580
29330
67265
19644
10063
32303
23040
77470
56150
6307
6110
52042
84871
98129
28306
95828
9821
41736
99139
42787
42953
7882
53609
13503
1994
11021
69249
46598
99184
45845
69808
21678
56111
58736
18981
28670
20885
35179
555
80632
88674
72914
70203
50516
51924
80475
59804
22048
27124
56683
747
64102
93589
83946
41434
63502
83482
3804
11181
56775
10593
24806
37719
80340
94787
54123
14742
60458
5183
58429
88343
9755
25316
67412
79630
20893
93099
45671
28807
13690
19518
60289
9065
994
54059
1603
66574
1581
86724
82908
38725
58499
76182
25341
53623
56083
9051
12529
58668
26388
31641
37496
76705
51320
65974
29541
6022
87390
56812
47557
74042
35677
56870
81412
67701
79491
42067
6408
44486
50144
87936
89539
31737
76414
93622
18956
87449
73044
35362
65296
1228
40499
47375
91710
38773
96852
14937
92744
19521
48917
26693
71441
6832
88013
42664
28831
29487
65056
61267
92310
16514
35302
58840
1115
91127
68375
99138
89960
40092
53179
46522
69910
63114
69765
44770
86737
15146
26570
41166
63370
20676
77678
48716
60675
95724
69603
23383
33313
35175
70736
66464
25240
76217
21141
87962
94934
21792
9836
75480
42257
66228
29400
37818
28601
68884
39502
33665
35672
55495
72793
43501
93166
10683
74674
66267
21559
46688
87112
72364
10779
68065
14598
78802
98072
61027
41921
49021
62013
23050
60252
52210
39993
54026
64995
98179
96621
70446
25953
88977
17954
34270
66502
17563
1004
65029
61951
76705
57147
75273
67690
59512
6696
19076
71685
93353
59959
35295
61337
97958
44401
99863
37719
19539
58756
95165
68069
84089
37908
50878
49696
96764
73809
52865
30834
87166
90336
98173
91086
56252
8883
22884
54449
81159
1609
87864
43188
41133
79686
36433
44187
94199
37279
14110
74050
4373
39182
10824
81248
76842
87475
53205
97766
72245
6943
30776
79026
37366
23712
67975
26590
61244
41320
21006
72958
20303
29811
60276
93119
7462
68508
40071
59908
3613
32055
79740
21745
87678
44216
39017
16415
84644
94396
99258
34185
30800
67448
81443
8390
30213
31023
54131
77336
52797
30619
7358
1228
62590
56283
29971
11974
82836
22571
72761
19553
47125
63352
46685
59626
73070
69433
52104
52229
57506
14794
75373
34905
29420
42931
47271
39562
90451
37174
53952
30375
56333
98210
61380
74797
23157
90446
24457
35614
59918
10113
42335
8620
73180
29107
26885
44776
84765
15341
78260
17233
1598
19066
71100
70681
93632
56264
50556
12193
89637
24243
28672
39771
3236
37454
17519
14313
30086
68418
12512
19870
42275
22045
75946
49495
96997
72268
9392
38612
68907
978
57613
34494
59560
26340
78271
44727
17754
65393
13276
28961
96903
12512
41928
5027
57384
23984
50704
50261
61219
64983
89125
29125
25768
21729
88683
32341
74148
31829
47502
58155
56877
4016
6664
31429
90961
62472
53670
39789
63531
67726
83209
38177
70288
5901
80088
10060
80032
34255
60620
42771
69499
35757
31788
79263
90283
26557
9936
41392
56043
11986
81766
76226
29250
11023
37234
28652
58791
43872
92054
45083
31274
15976
70496
81193
70828
51291
42499
19930
26877
98473
49765
1587
71870
486
89799
90326
8688
84295
70674
37478
6469
49030
42748
49053
12437
18434
59008
24805
64456
82847
69648
95459
59058
75282
86414
26858
89926
45370
79238
40985
15490
78024
23852
5652
44879
22656
97793
59487
61685
14369
12289
31542
69104
96043
51195
16790
73115
83792
84195
47116
58562
25208
58363
59159
88561
50731
14967
70368
86749
53114
86403
90910
27458
91290
52232
92327
51890
90605
97627
13785
52033
4711
72118
62692
56125
78251
16685
87973
16109
68416
52029
27907
72831
61087
58655
86117
13174
44709
13297
21361
64493
24514
2256
81433
40591
11481
88999
16940
2235
67393
13148
35126
46095
64247
14045
75364
77426
64930
22767
33293
83002
8786
44771
68956
73688
58938
89705
10879
19357
9848
46614
46020
18056
16105
27354
16424
23950
45852
24886
96323
92047
3538
48923
59572
82176
88375
85240
8827
80703
67582
40256
85712
93996
38640
66055
98452
2953
96453
25465
31219
64419
43675
45161
83534
58336
96829
57805
11274
2636
70998
34
8036
36262
28235
86037
82780
52616
23194
2223
35903
61620
65843
70141
63206
93128
9913
25005
46360
97585
58116
23261
80911
67113
81335
98722
11562
59867
75406
44038
93927
9312
35134
82685
39140
43937
10003
87594
37495
72637
76944
62253
12278
67791
57218
6957
15990
36346
92193
23197
30451
46719
57004
47817
84108
11972
33547
80232
82027
66944
30252
8115
50263
27063
22210
16970
50532
1222
48954
26482
39559
5905
1540
64115
78608
28004
53432
15983
30611
38126
39999
86060
15709
58511
97456
82466
40886
17891
70743
80569
5111
29101
59973
66519
11434
6173
17654
1744
27341
71270
77753
22917
65387
6093
95779
78421
28851
48313
65458
59912
2417
25862
24162
80274
1676
36200
57462
14466
6574
27808
69954
68677
22305
82155
22702
20260
63361
86407
25625
11983
63199
50206
52952
67733
70749
53309
2235
25970
60214
64495
19863
29630
77147
5877
25781
36346
31895
45558
40797
78584
84138
51279
87700
34990
12551
38521
1364
56174
94054
92956
69836
64144
75171
1152
99447
697
8363
73839
84284
35604
71584
41446
48080
35532
22925
28115
13950
16981
82720
86289
93971
5638
45991
31981
59912
48194
14660
98334
12618
3095
59181
64191
2051
3369
35668
17318
34623
1227
40351
18632
39071
19409
55495
88249
76712
27494
16548
37067
42577
39739
83067
56361
47934
92902
89980
19955
86460
22649
46625
52777
16828
68635
23376
68941
7510
61132
60463
88636
62045
78443
89240
13537
62977
99098
97168
78827
10180
31461
74717
5725
36363
45260
23506
84735
41834
20698
90123
54914
61679
67345
76867
1987
90241
45998
29819
7782
81611
28721
67415
60562
79181
60766
2936
67016
3842
88903
78832
22709
98722
21751
13061
57663
34137
87481
52102
22729
17394
50996
2315
98943
56788
45136
29988
26044
68019
19471
74359
61998
49462
21618
1061
9779
22226
47475
432
39047
51207
58292
70112
56554
12311
1950
53371
44443
54046
30536
60059
9590
38658
76447
27692
15853
18617
52880
66983
52306
83208
85471
19743
11870
64625
18333
24406
37855
85175
60096
97575
93682
81798
88240
86017
52845
79521
7069
39140
74702
42796
6518
81772
40889
40284
97616
12171
80710
65923
18914
65462
24495
42312
58939
20531
59615
56320
6990
78789
98073
6541
4341
73445
91750
17926
7940
47300
87390
29302
64407
85884
27361
43657
64378
75589
1826
44159
82454
75835
77147
10996
26362
22416
65025
59150
66972
34213
54836
41635
86179
16478
80412
17374
31484
48234
6979
8652
6899
32474
576
16600
76776
98924
58373
74528
91022
92801
68610
90699
80852
55953
46427
98054
82830
20173
45454
56096
69959
47972
79768
72166
73242
42075
16565
41216
91078
94832
38533
2118
50487
68101
74818
98034
6072
70666
98189
96819
89709
93359
5053
63361
29800
80985
75833
22601
95885
93205
75567
55493
63805
78808
35632
21990
67969
11784
84272
73052
75551
61204
57782
45513
6933
45203
27581
54206
74460
47405
52533
26255
79556
94427
32000
79853
62033
62816
16231
38722
36016
72292
70058
1667
94431
13502
74765
10693
79984
60932
24284
20385
89173
47838
9944
61142
83513
69707
94043
66584
66932
80801
82954
28922
36143
76455
2524
85620
98192
70481
33566
10911
50241
71632
8910
93386
54567
48085
30174
85269
32119
95010
86993
97241
67653
79530
7349
69524
93831
53715
43991
62645
20003
52659
88554
29985
80162
55922
71609
61255
76761
9522
60259
65821
26334
47538
13058
76580
66405
13219
91912
42124
88761
47481
21886
96040
27029
61841
70626
95486
15428
26691
66684
21513
7053
66709
73991
40836
5607
33428
43180
32585
69691
21438
71120
49949
63804
27084
63400
39140
15658
50515
19401
74717
83090
29109
78767
54209
28198
31665
44292
10266
99211
97672
43016
86255
59184
67786
88285
89973
95311
91448
2903
75640
2788
90111
7260
61149
97914
22730
83501
33601
77155
39283
27228
82982
64985
4177
16330
52497
27416
87562
48571
45742
30863
81856
92059
20107
85512
71192
97914
25266
97946
23444
7990
62445
29999
12564
33171
4494
28423
1008
96259
54233
31262
23071
17269
66485
2124
80822
71464
15870
20262
93128
67011
58390
2380
6079
12111
42721
82147
15398
92195
32347
37071
13366
42392
19099
46208
21612
15462
37525
75296
23264
73622
32578
81086
57645
4079
71158
67420
81715
23480
53379
89975
43555
28051
88224
4321
16964
29252
22667
34977
21945
86108
94271
66691
87185
85058
35114
80137
51436
17088
61500
31719
43032
49804
75898
90949
37702
49062
47780
28485
47753
78209
27756
79981
31068
54753
72798
39622
19335
2865
20733
63077
67896
89301
25576
81284
53393
20417
18667
65534
97513
24613
32493
38121
58577
21123
24905
7408
25033
83389
87588
87917
92893
27121
94664
97502
94624
52537
37905
55658
92303
20651
33770
12306
96957
53048
95057
30168
56949
12900
44469
88312
56366
95457
30749
20113
45545
97023
61275
58158
41626
91000
22549
76937
19818
86011
12417
42449
7372
33323
46333
39350
53271
18978
59884
83948
70121
40793
15373
21865
67794
29717
68122
35935
54922
44726
63949
30662
43190
34907
95426
18709
86507
94758
45771
56974
58876
37700
55645
48460
43500
32043
31971
63803
11437
39063
3909
65649
6111
10343
42308
88593
65717
85025
62772
41313
81740
19086
68607
31182
84830
35002
33008
15459
72045
22644
66674
62274
44730
16931
88504
12110
96422
68412
27988
83494
32988
8967
72151
58578
81333
29429
89536
70411
60052
32803
25061
65267
52797
81623
36159
92885
72872
96421
99192
13668
96720
64084
98069
46190
56577
7728
6915
66311
33279
34086
99334
86174
82611
70324
96802
60540
35617
26753
75103
19350
41204
36866
65479
86205
70962
8476
5677
2921
39175
75488
26392
72603
14029
72613
67207
89887
81069
92109
17573
53398
89144
44544
23936
30022
65774
61793
54035
56297
52289
19238
57691
12904
87934
62094
1316
76757
39421
46284
93719
62598
9522
18917
68039
77957
36116
94409
41893
7737
95766
23285
18890
54224
99677
68594
51355
53051
94977
1333
45561
79121
15548
4571
36192
32343
99236
58868
30109
76889
65443
98152
37916
87771
67283
37964
33004
68106
33127
12300
34162
16988
1748
34091
96991
58462
82043
74134
67692
15712
99888
82455
3825
28826
97887
67419
98352
11321
39238
80003
11530
3575
15605
72140
18215
95815
6753
51284
60821
60095
19608
60438
21008
88624
79988
19906
16647
47907
85067
58310
34197
59666
89110
6015
93811
22231
76546
62857
18563
2632
12077
86785
20768
96724
16479
48107
42073
74945
4541
76464
63547
5851
18802
42966
60765
44164
53522
92805
13810
58603
4754
4827
74783
59851
99619
73919
86353
7836
9192
96903
26214
13818
37024
4972
63005
5938
92717
31903
3709
31684
82365
25390
74045
35173
5760
66314
45661
31659
49215
50490
45836
2882
24016
62935
29854
71679
6709
4140
40063
64997
64256
9883
98249
57241
56328
70363
12950
82438
28902
56117
30031
28400
76863
6342
39215
25250
15804
27885
10923
40363
2715
65289
98835
36446
56291
66998
37484
79443
87391
97561
26492
7595
5183
83536
329
72986
54351
35162
25235
70991
77323
99620
3750
84043
31249
52019
51210
7185
16234
31531
6356
71961
42069
70900
37501
443
40025
77038
24895
43520
12208
77866
62970
79209
13214
48052
83077
29237
8707
39959
23229
39991
23447
60060
32473
11671
76329
78062
48142
35424
12043
85979
7272
35852
76880
20441
26947
9107
32878
83343
16833
85947
96199
41306
2472
74153
63848
92600
2387
78983
81839
13132
72279
12452
22114
66435
10646
76368
63772
27394
58454
92258
38188
8726
41281
64986
87324
55081
29791
80320
43826
3604
11558
64189
3208
87992
42324
16888
69293
28641
59980
82573
82232
29614
99408
30847
94666
88255
5885
50700
19283
22865
66619
37252
97666
98109
39868
1907
71505
98619
34581
44221
62581
32852
50484
9392
74965
43427
37288
71345
52512
36571
30109
67977
32623
86273
90024
67088
35419
34581
53334
93149
38972
90510
14624
54734
47914
46893
35693
99012
65774
86404
12317
65709
34658
67803
44353
97401
48883
53316
86500
31733
51789
82816
69133
76043
70132
83808
94401
44324
45914
99669
47267
28279
97249
63986
47340
53759
18948
68
1491
41041
29787
80833
81829
81287
5020
26250
6561
63528
69995
79349
98360
75026
43927
65232
11355
73690
33505
58541
52716
56917
33773
47597
67629
25876
11309
20239
79329
79745
58037
17535
78146
86967
22863
7998
62551
14045
70068
32215
10367
9077
42698
81175
85853
18619
49654
92435
69987
7546
30191
94415
57390
17426
32139
46240
85722
58180
73788
97458
82439
23065
90530
12931
21083
71236
28842
61443
38244
49885
34216
66101
95571
14476
65681
92173
77672
38181
12988
54295
4420
29453
23442
35278
49885
98899
84584
84674
41268
77677
82443
18232
63984
45469
66739
13894
61291
90836
87406
1895
48042
489
26672
93587
74507
24667
40155
13344
40854
53703
76837
15158
53167
23415
53884
80149
84541
59356
59937
69184
85058
88541
8061
60743
9456
42500
90736
87421
81452
61415
42883
45418
41010
19471
67864
56369
52909
24471
69862
16133
13788
83371
7459
10909
11502
86419
54170
73621
40092
29204
66340
53216
34852
6799
45137
32923
97927
75324
94755
85494
91089
67348
64277
95844
61058
1472
90925
40383
20857
46074
91998
45126
27742
11900
60997
11589
9476
74918
58056
33835
28350
6087
88097
71737
75655
2440
97714
72519
42924
8037
63831
59163
45534
99866
75132
12509
98144
52207
57110
42326
74452
65380
65498
56873
23113
15679
85699
93367
21863
8355
2060
40849
81882
76572
64006
6840
95388
65655
33625
66480
61841
70826
25053
56391
70908
70964
50896
85443
60159
93600
32067
22741
37125
83693
52119
67695
10378
34617
6595
25071
37825
14223
60256
26013
49461
34713
26843
79095
10241
85421
62103
34592
63033
5952
7378
95610
9374
57202
71517
98927
12401
91978
59855
21170
35828
71110
14227
46273
78204
68971
67927
13420
24346
81348
27746
36534
3539
21255
74167
54248
16649
51796
84919
82867
4057
84859
33450
56603
29311
36285
13607
95172
50034
22491
85196
55901
62260
12969
33504
87352
54073
78281
68445
1995
23165
34081
89593
21585
86354
15677
5756
64011
25213
70854
37815
59913
16188
45790
57376
6658
10477
27399
69680
27588
17083
98586
42135
2901
99007
72564
82280
90062
13533
4274
95724
8473
23570
34308
17124
93518
99122
9752
45012
74267
50171
43376
74613
94711
68347
84986
4283
74801
70082
521
27926
49161
36158
92059
42919
39133
51191
27434
68629
75615
13693
75183
94408
55217
20123
38197
8269
10590
33138
17382
75392
66433
52009
39926
93808
2797
80574
95913
77448
94746
43009
99378
11919
28883
37221
82762
51642
15934
52680
49436
63795
80914
37336
71294
26911
23127
33247
74053
6127
54323
5302
64847
42726
60426
90167
92630
82549
59240
76794
72614
45309
68939
65096
11764
17496
51093
31972
41567
44629
66389
82910
13745
46837
99555
66743
53756
49195
21733
89478
18042
63827
9308
34723
27376
63797
70520
14726
82041
61004
18944
3162
7824
69471
12007
57217
54447
28615
74280
31459
83590
6906
23071
44358
68364
2069
89539
10077
55443
7077
10321
10897
57866
29328
49168
15485
32894
24334
51071
52163
65080
58530
20546
12361
11132
86679
70131
50973
45997
27549
30852
77161
42868
74143
84372
20917
94482
39737
8340
30757
59608
98392
19418
42406
34684
63088
19178
59610
82800
8572
3591
59913
6330
61837
43617
5633
81094
59495
33533
7199
17694
80784
38580
58822
17568
25900
89272
34525
84731
93008
27841
85766
40539
33646
33722
71270
66537
93075
94301
1031
49308
48067
38458
82735
77355
33967
1441
87011
89121
75620
90082
24587
18689
51392
6815
43542
94419
89404
58723
78451
69078
48988
98309
4556
70963
88446
51562
44821
7975
61258
19327
84745
23398
67631
64145
47795
91229
94042
95657
18453
68445
8614
71208
71584
42542
64528
4594
28741
56594
47191
86899
35899
86524
90154
95754
99271
49989
56544
82872
96662
45379
77902
45267
87955
72503
74273
33259
26004
85543
44590
22510
47532
51431
88634
5646
42996
20063
22868
20452
2485
62662
54180
76855
35025
85100
7524
59773
62738
58443
63160
73207
52053
12300
57599
87350
58421
8501
59995
91109
81831
18699
57805
69501
19130
93140
985
75926
47561
12294
12833
10529
14195
44261
67325
91399
76702
94715
30449
6953
74373
25542
70507
32975
13106
28676
53675
686
5463
14022
14815
71722
73271
15801
8080
20568
87764
63273
54749
30039
16185
9386
96846
31977
80654
63632
89828
18130
21875
84793
42108
38124
59220
90805
8567
22372
27083
40016
34253
88735
66276
97027
17227
534
70955
71247
81275
82214
87768
51605
30252
53418
83450
35280
92089
68204
49165
85908
65163
15784
46471
2500
35785
14002
69041
99973
32498
41645
48893
2683
76717
62764
77052
32338
51577
24805
3136
90242
61673
60504
70474
66907
89567
27271
32897
63287
78886
25695
2557
73012
24231
17876
22376
56647
70172
85030
77789
9182
79457
59963
22345
64832
71457
55775
86108
97325
57422
38027
2894
30150
10787
25429
88618
88035
25375
35109
62547
65792
31999
84755
2634
39769
94761
59490
52512
71345
12330
78029
60426
60389
82718
12307
4431
85749
370
29816
25927
91375
22482
52360
93184
87708
82844
52219
40476
43377
89931
50644
77383
47846
40588
42982
45368
21356
36145
51120
57146
79281
65194
29005
21702
84150
56269
67721
1869
17486
15589
47601
63216
67794
76199
59769
18618
19515
55307
16255
91401
71392
33513
43067
70425
35250
85850
90901
95901
12367
45571
59422
71157
66577
7568
43309
1615
70813
91762
9774
62024
41223
37820
51078
71548
71951
88193
80675
19183
7007
96706
29255
1432
85768
67273
49360
87960
88376
17588
11480
95919
39876
18226
15910
58390
88654
88304
71914
29995
35516
72851
71255
48787
10233
42541
23075
79607
19136
24322
61252
43111
35440
28610
35374
72761
97943
97326
31606
3071
24497
17321
84581
56615
92618
23768
63183
9870
38174
91866
18639
29041
765
81379
78630
52610
71899
73031
10052
74013
87086
73475
60626
8541
51742
17337
13579
54031
61702
55664
30140
26895
19591
76881
656
92791
55312
52117
26381
92863
29418
90343
17250
53924
95584
44448
14268
1642
27465
78523
60625
55420
19767
92708
61779
80829
37839
35733
96688
72882
73650
66117
54130
40276
65800
66382
47266
73299
79373
10717
32443
16729
53706
67359
44578
69697
76921
37667
96636
58866
611
52483
11633
55351
76630
99664
687
87733
50658
43284
26597
43706
19434
30906
23610
73020
1986
18743
13232
7198
20468
66001
40304
38409
42228
10636
48802
5004
61002
10322
8943
73484
58286
94719
65108
4609
77163
29465
18047
192
27723
88777
83332
51629
38009
260
19016
14492
62786
33071
1221
74629
95330
20417
38643
16589
59081
26961
71782
2142
92046
61003
68502
5766
25745
86303
80433
96516
74264
12374
29849
47728
12363
24002
73284
65802
71819
5790
4623
45477
75766
29920
305
12186
81605
26790
95377
2160
72008
58489
71148
44851
56809
73505
32703
38833
43305
11728
10924
5606
4233
16241
23598
20353
17773
19131
57134
41700
23335
47585
77665
90115
51286
78682
68080
59513
58754
61683
29695
48352
66357
50785
38768
88934
96064
99466
70208
4507
65827
35234
59626
87400
10940
54398
21638
2938
41711
99820
51488
94009
16904
53217
10802
25199
35726
36902
91255
88206
4150
15912
58814
81878
3633
95759
37134
3297
16051
76541
72202
93001
33264
95806
65350
46892
47965
98241
12289
91907
48906
25070
67340
21969
1010
43049
76482
88969
73696
5838
22174
24010
89766
80416
84555
86448
9688
47578
47457
55892
67201
70572
99736
22305
68521
46318
92288
41986
57420
84878
64395
20137
21156
72847
65309
37428
6775
46394
90839
33800
98573
62695
7850
45310
68642
42714
53016
60845
45440
47334
49277
94784
95369
53854
41391
36409
58548
58091
24947
92254
80612
34381
33194
27021
61141
17780
37859
18965
51114
93067
56831
4902
18308
97612
34650
97
47865
52320
8679
9749
3244
93743
39
61362
75438
33882
65209
60175
71341
34188
79142
85729
2179
49519
76208
59494
44358
4714
33291
53507
6154
1208
40615
4406
17656
72449
61644
64961
75653
45891
41426
7664
54636
73821
87943
37064
76229
42081
61708
19187
59765
6158
74182
22721
19885
10561
69882
55017
44998
33988
28303
53514
28111
81263
66130
63001
3833
78457
33740
11098
77763
33849
57520
8612
93004
35217
96806
47890
14088
77559
246
14904
93412
20854
2428
95138
32654
7053
79904
37570
31960
26298
26199
44830
84948
91197
58001
28773
59978
60819
73997
68683
96534
83262
21868
49348
85080
59616
57784
58498
84092
13887
45576
30144
40048
68126
70329
65533
80148
35950
3257
71126
99333
23045
1628
58339
82478
19145
2351
56654
42166
61553
7714
18058
75343
75782
51234
45804
97384
50743
98749
15007
17764
89856
55431
80339
21520
46276
30499
26324
39661
99257
60318
36356
81775
66436
44153
63103
6495
906
93072
97510
87015
74469
22496
94411
33499
53006
17885
45839
37984
75783
62872
16126
91271
53441
14249
64699
94881
86498
37150
19646
89615
51523
78387
10193
83416
51025
76339
57579
58689
49206
41910
49221
28278
72293
1222
13758
93540
26827
59441
30438
85664
83371
91178
31386
92837
95384
50875
44476
35468
74850
57914
6503
73312
25240
96589
15488
94186
76640
70528
64176
65682
34038
19317
25393
85726
55857
41600
42885
59976
91146
3222
15879
65182
85615
13086
86846
14332
34548
34930
7093
45093
83944
68577
99533
62473
68787
73927
78987
94022
19096
51452
47510
31262
6132
19326
82896
80054
60949
24791
46989
55874
53251
87227
48721
24585
31233
77919
74078
5789
41521
18676
704
62704
25830
1040
51049
90044
65952
34130
95898
12165
23505
44265
73493
39655
77494
28233
75377
16156
97750
89516
51044
60436
60775
10187
71596
62212
9634
50081
81684
56088
66118
19758
62606
24715
32379
92692
45428
70784
37637
48925
23216
34405
67906
30141
51835
55399
61814
392
26995
50127
27218
54263
40244
71841
59672
17609
4815
55018
61833
89305
20836
2393
34602
72642
38995
15344
97999
80368
71628
28578
92573
14274
52505
25729
50748
31352
83605
57761
2599
6581
87682
14676
40583
71165
23063
85208
11361
14277
90214
69412
22097
27870
7914
28265
7086
8667
14136
94250
17003
86513
74878
78384
20658
4941
97818
51137
13461
52707
87356
48825
79745
98565
53142
55891
33467
42187
4423
67711
43466
99739
26604
95596
5999
38530
44869
3862
66647
25816
84814
69384
80956
88043
88206
69804
17971
80535
6631
82791
96806
76768
65456
25726
27902
59165
73191
94811
10029
60521
49175
16858
8479
17151
826
73639
11868
22121
54960
82390
70169
43880
52994
27767
63555
4234
60601
5954
90183
33080
29923
40653
33460
83712
96598
42382
41292
88232
23960
28745
47366
4877
87495
95155
9547
20407
74748
77624
60707
60629
96103
85879
13488
37602
45922
57694
90423
61843
18046
23929
24459
88448
89947
94344
11592
77730
82460
82847
53931
49690
70283
47602
66181
85468
73002
58982
91566
88939
46302
1113
82963
37261
63460
671
50321
44226
82302
97340
4977
59647
86839
89016
85602
46068
21304
4217
58244
5313
680
83495
99357
53468
13139
81592
58058
36925
70391
16282
27710
60166
20376
47776
68158
38421
88148
31329
59107
46750
59502
86450
32453
51520
7955
60197
32484
60510
29929
88496
82994
26323
93015
6079
25993
82914
86570
18415
69090
61929
58419
28659
76532
98917
9081
52022
44459
82151
55114
15330
2174
11753
36732
66807
98848
37690
1264
18002
55410
45228
42645
66913
48470
97670
95774
53896
60492
91991
9364
63012
89400
42835
5058
26918
79963
18568
51647
98101
26710
22758
66150
35519
8867
82671
70373
50394
67939
34889
91433
24837
76929
91950
69197
66287
33948
76069
94774
83553
58800
28489
64399
25861
83044
369
22398
50698
44359
27156
67565
80466
11332
550
63692
10705
64434
31626
68975
1500
51953
34098
25739
68657
46769
52496
40103
1756
66748
84187
38758
29015
92014
72430
95332
45257
87476
26782
3217
22725
11196
90167
43648
31336
19981
81656
39660
98882
38814
73822
91066
88342
16435
78699
489
69276
2737
47241
7986
34527
51129
39506
93738
26501
40885
7784
50808
58382
7198
60700
91160
33828
33680
25721
78949
19046
82408
35386
9561
40134
19337
26927
10625
81601
84134
48027
32195
96510
40942
55556
36916
64445
12129
42900
3872
70706
98529
57325
4749
68312
94871
16740
50122
2920
14346
58239
76621
88241
25228
78940
27331
5817
43752
49753
30581
24611
34750
59568
13064
73982
10715
25674
71650
60459
41609
88767
79280
37256
82423
50779
47689
29484
73549
389
41684
71663
83673
58460
61507
40175
58888
90347
38473
99132
57393
15424
76427
40815
10234
221
83223
83333
73906
15779
35183
3487
35522
82130
4362
77563
56616
34737
23151
89880
48575
92092
34372
92840
10619
22452
30524
35933
1856
9238
73308
18806
5621
49192
71266
95822
12573
18832
41734
22575
28684
14122
4948
7538
41292
31721
65709
76756
54279
51314
60851
75665
74994
33335
75015
8011
12495
14061
20448
70134
16447
91572
3766
36614
46120
57643
82153
81887
74058
30439
78559
37817
80736
32092
22095
29555
59994
85532
55801
13639
44099
16736
70254
45582
60214
70909
182
3378
76878
30373
13546
96752
19849
71181
32321
43991
42599
43364
1517
77878
93520
42973
26032
64676
67807
79535
61975
70858
56237
3685
7667
78754
39273
78179
880
98061
8983
95744
38018
84416
81386
84943
20238
51560
61686
72648
7949
13655
57465
14088
41466
86556
34922
56055
73416
64796
6444
11867
62237
19605
80340
67877
99289
69574
71258
85345
95117
4716
15095
59146
2097
82537
36551
49428
41824
89532
88446
6882
48111
88399
57027
50081
87135
88604
11182
76296
69379
16713
77204
50067
10595
11919
95306
83665
99244
6823
72894
44176
39730
35966
50569
19222
75198
67786
44829
83587
50354
10481
20572
64631
9278
81275
13682
18940
25336
80589
47171
48669
79399
41042
67776
27108
32570
87061
17267
31715
48121
59034
95556
35499
86303
80913
45139
75813
43991
52431
35160
28274
56731
25554
48008
76541
37693
94254
37435
23882
8182
67331
98674
21908
99685
61785
94986
53498
72970
66227
29125
79728
67760
24895
19424
58220
81078
51577
35641
72627
85206
41975
92911
51372
43301
7343
70292
84931
12232
94978
61936
74628
83119
66481
75110
19727
74516
74748
88725
36920
55649
95449
97362
11422
62631
26528
72761
4060
85942
94268
76503
65587
18314
72827
59432
4067
93772
31616
8918
73820
37949
92584
68042
933
40366
30600
86984
57862
23280
57070
30616
60755
94421
91418
22481
79327
86321
16261
81928
49944
78741
53325
60532
95804
63807
62892
14458
43404
47658
73674
59265
11548
81380
24070
99277
17554
9837
16384
85784
33263
85815
51429
74639
70384
49617
77642
91904
78790
97849
5976
72259
16094
4916
42566
17481
28770
85419
81100
17370
90721
1766
86814
26699
51720
14706
7321
76199
69476
2736
91232
37938
89627
16513
41038
82696
54453
99139
87756
98754
1181
94019
36076
83784
43395
84531
48036
73533
14349
35153
68972
7768
6895
77379
46161
84862
23433
91162
37077
2746
63949
79401
24563
68959
22862
2292
73370
81355
81745
88836
55854
10059
6293
35592
24411
73807
48159
2099
37963
52886
82559
94765
92068
82673
62845
91978
94582
11803
58867
32054
35034
19986
27719
87128
35106
91812
66119
14727
17330
46096
20398
77320
50431
88382
33699
25184
46918
73113
88281
21142
64474
66647
53221
25726
30720
95352
52686
38498
55811
90335
96432
35130
51134
80418
99082
77140
72423
92249
5937
11710
50545
20747
59701
51512
70972
32496
27413
29168
280
54971
61151
44802
92475
56742
46264
95149
1072
85650
95720
8540
67421
86287
57422
28221
96598
23480
89596
89435
73644
41234
70852
56460
82936
69831
87252
17873
86863
11792
36973
3139
39299
28620
39189
90765
80474
48146
12270
12033
50895
50210
13452
81335
24714
87356
21856
1723
32731
97637
95618
46817
84164
34781
17566
55825
41450
44315
36225
17620
10293
33312
15176
50956
88669
95846
36679
32365
41023
27670
36993
20158
25125
17832
99602
78932
67845
54316
36579
18738
97503
45186
63266
91730
76854
99231
82587
1177
66813
92566
57016
27074
28053
84454
32685
13155
10792
541
92503
66948
38293
37232
48431
20718
77563
65583
26386
76270
82092
10721
77033
47424
44915
62140
60896
82221
8074
3496
41602
13619
95108
91068
67691
30371
47376
38328
62608
75803
56229
22373
83605
64354
69987
83700
12183
30170
3653
19034
94288
84877
41629
57428
50634
59081
87929
84677
71638
81675
79115
3591
2956
41052
47127
3755
31151
14554
57230
61235
24811
26219
62859
62054
29511
11147
84988
2041
54536
79723
27827
41925
43794
90029
65318
28581
34462
26587
83221
95425
37465
47153
13604
32138
84006
78585
58659
8746
23207
20547
91362
48931
71189
77205
19841
86125
81838
93994
51743
43546
17180
60477
56761
53853
97381
77677
56896
41039
36651
4488
35344
15178
84248
15358
13710
46809
99735
50646
11555
90749
93022
6735
45355
28930
670
35871
35268
30195
3585
24690
30808
85478
94218
85630
640
42218
4235
22250
46445
97488
3163
89962
20741
43306
88478
39659
40781
27678
54951
1036
54843
95772
8787
91437
59225
75282
61053
83170
70958
589
35988
92177
16611
51882
53873
81175
45139
36161
16589
48079
53868
59153
28505
27835
29547
45222
27275
39946
87738
52168
33463
41363
69525
96218
58269
87196
13610
197
63335
32651
39123
69520
88319
61055
6119
33528
75131
38923
64636
18880
65930
93584
77288
76039
61101
10626
71790
8668
32465
7871
64991
64181
49293
97104
90105
8119
23660
61199
54530
95086
32418
16370
88941
14647
52977
8529
59231
47130
27802
24140
33258
49670
29000
45559
70867
80745
89012
39376
59190
9725
33418
22508
91479
7836
32129
25349
25435
71620
10458
16341
9287
40429
63764
38798
23158
46412
86534
33240
64599
83111
57254
21445
33118
55694
44218
42703
14861
66908
94134
80712
63988
62097
81837
22891
22845
13634
35076
70925
83422
26618
99798
32633
30860
72598
56298
49987
93990
63213
1071
96984
43300
95486
46394
3768
11423
53618
38173
18297
18445
14988
85302
78242
70274
50352
57123
59223
80723
22475
6584
86302
3119
12758
36997
417
18334
39699
30671
17737
34278
65272
15038
65363
52558
46917
72069
90884
39810
16734
42819
24121
3288
86697
55974
24835
34010
19533
12259
34972
4080
33540
90012
69533
22923
94267
41603
94152
82906
32110
3292
3309
65480
42333
53715
7609
23810
86831
97630
65662
22257
65205
29936
65083
1592
82286
49632
42697
17847
23405
82986
58432
8089
53472
98235
41255
4486
82978
84683
77718
93432
98546
34588
69758
54737
17512
8717
90422
71437
89390
25461
50098
25957
82389
89230
14028
42048
43905
75344
1977
94279
82613
33628
83906
74197
66550
92729
37197
72786
84903
80707
99497
58820
95494
93745
61165
39004
49968
75807
50213
60362
98670
5245
66602
51053
17262
94317
86338
25307
95902
86077
99111
29783
78012
40636
58771
16582
60195
54690
50213
48504
97289
14125
31203
78220
35228
73342
78121
8123
23431
27759
35081
20412
20707
13034
43921
57850
72919
85507
4019
53843
34393
2936
809
91216
81407
14500
80489
35991
85071
31971
25984
41181
58235
38342
10439
76453
27411
13113
65958
82149
79692
63146
69527
85497
48813
85022
92769
51924
58900
59489
5098
76061
1740
57026
42142
76512
36888
71094
28517
32208
53810
69840
13462
40138
24897
84718
20395
26722
61921
25794
92822
79136
88959
88014
49469
55324
69067
84211
91418
24187
92523
19560
5110
11704
85379
79041
25818
11136
55576
27013
98342
72316
3288
3074
42016
86024
83419
39978
39782
28492
61868
79009
85601
81882
33121
63631
23012
74913
16030
92963
99578
63830
69737
46574
41024
19528
86452
5136
61473
45713
71970
11175
61312
52631
74811
10919
49281
66121
81421
83172
85394
87721
27244
15762
17054
19757
74033
45316
67367
7808
77783
35026
56825
2091
81577
48494
97995
295
80406
70474
51197
11254
78278
23022
66049
65125
14806
86420
97161
65463
53296
46716
79807
8922
51907
64079
75169
17949
18431
42836
48375
10663
65060
35162
80125
44450
98836
60003
45635
62813
53603
42733
44325
60245
16048
85081
32466
82397
35211
32002
31655
14925
78934
95245
85820
29650
13810
24535
66558
10386
98018
59641
30775
71475
4071
97805
41538
71778
49065
3594
42220
15071
11916
87750
85911
8837
84582
38782
63866
84312
6711
13423
66517
23958
1175
43794
37517
83694
37989
13617
8999
71072
32259
1103
65982
22706
12647
79220
56554
49713
79362
48679
27321
45491
6811
77551
49570
98973
53830
84188
3159
67393
36413
47187
12393
55966
93567
16946
19912
77255
63938
70753
42792
22397
78225
1309
92127
75680
57594
31541
18368
91284
88020
78428
21033
67570
21988
95552
88468
22120
16189
98227
99198
16762
96728
6606
52532
87668
13174
43359
66858
52955
75901
57088
72304
84730
118
73097
19509
98964
61475
15847
50618
80640
93265
26517
40738
95794
72183
1531
15907
25349
4561
37910
55875
17513
11695
96946
14191
96573
66829
54446
15839
91426
77174
9638
45057
37683
84732
39581
98564
69373
75143
4869
9263
49235
28598
20291
902
59743
61519
60849
72028
15276
76276
37327
25647
5954
11332
29728
94816
41356
53529
92334
90920
94731
80443
28701
44696
54539
21117
69505
83308
76916
45504
28613
63670
60860
35344
68368
80297
92194
47250
99764
55132
87714
54297
48484
86088
11777
89567
35334
74939
29726
79895
97484
95270
16666
75296
92776
68522
76237
95816
36807
66903
44301
29307
42132
88954
55414
81248
3937
43320
55416
8844
55906
73718
60989
64517
45668
49546
35367
36108
75847
72593
66546
38542
97077
94640
98286
47783
81550
30571
85176
49032
48423
57683
6595
45113
31065
94110
63212
81949
52114
3302
50075
51798
67099
7251
67241
91459
97663
22701
54497
65192
95623
69361
59179
34379
35302
68270
89466
77069
65495
5499
72810
52720
40491
38680
81976
34133
82684
95960
59149
31414
71706
96050
78896
69179
46677
99845
62781
348
85783
36651
36660
50521
10738
50307
677
70487
48005
62187
74774
23134
16530
45756
17311
36954
38174
60176
25026
27121
88935
85927
27817
61234
16118
61795
82827
22508
83515
27706
10341
6725
42336
26026
9183
54630
19870
75646
69516
75736
85484
83820
53884
22801
9772
49368
4327
42985
89391
65292
35364
50466
66693
83731
20615
21663
42108
94729
6482
83374
95112
18286
13248
64343
435
62945
68459
82005
69325
67341
8414
87872
24746
69044
12046
88287
18809
32451
75232
97330
40714
36006
62758
67932
63325
96963
86119
41218
10423
27230
39237
12016
3842
96874
70110
4105
15938
45438
14105
10855
49954
29129
7949
8899
50155
43411
17415
19486
42687
47768
71757
70855
49513
50973
84364
13677
43627
26073
257
2822
73095
87519
35369
12739
92419
14482
59999
60609
69058
87301
98753
55550
28392
25762
21647
75044
89925
57796
61154
18819
70304
52284
16069
696
49203
65524
29734
88269
90615
26173
96164
81630
57965
58156
55476
68894
65661
84349
59813
10563
9707
37215
54820
36884
42066
71123
24931
83904
3313
62392
4649
53122
39408
4477
27877
8084
14345
70222
80932
85089
7252
62110
3462
16359
42685
86475
95623
14277
63523
20632
59442
53843
4843
93038
67711
2511
536
68033
25049
38178
25147
15531
42495
38011
29586
52234
38309
90065
50807
92702
8792
90404
6848
22883
53130
99336
26780
70352
13690
18589
69046
22308
87249
99595
95538
76682
4557
93271
952
72835
15603
48093
22205
81271
68171
29006
21618
86972
48192
93864
95541
94375
41212
90104
49649
45623
62375
6839
69992
17198
54905
64943
25451
35908
81281
25943
37641
74923
75218
75510
46881
32932
90229
21689
31163
6712
67028
28591
78027
55075
70416
45096
70892
61921
44631
96665
76590
99001
37290
2913
25241
55038
9710
50755
84497
8657
20159
25226
10160
13166
22892
46419
81653
71222
9504
43950
24917
44814
76848
47929
64333
23702
35419
73773
85953
90301
11165
40181
23353
81532
90619
84078
54669
72464
67396
84193
80749
88423
17381
61848
59919
12860
82428
40591
29862
37607
12397
69229
54889
11259
74745
97335
54738
50341
76133
37521
90181
51439
52349
41047
50863
68684
29901
82100
7004
37914
36642
31346
18256
89227
97498
57028
4671
22508
58018
7600
10260
49783
11311
58871
37004
47248
89590
70152
6370
67886
76407
99793
15920
61615
61987
57953
41290
67204
57291
61418
67125
33307
31104
69020
90402
58180
64109
35176
1746
64837
86593
66522
63795
13628
58876
9201
13380
35833
22287
88893
1385
14022
9061
44999
23694
20369
22505
2691
25585
85763
42691
6064
18589
78262
69259
7696
57061
75482
27029
55026
33836
3970
23278
15970
82578
26924
44458
45597
99638
61492
77609
2850
13057
60751
28173
53387
13239
66150
96353
47850
44800
94759
37185
1332
36944
30911
96526
52110
5834
54254
85448
7012
30547
64833
44852
12408
63315
29979
47667
20541
62905
1059
97191
40311
66612
36816
83303
6123
79611
47185
69896
15420
62517
96117
97716
82323
86325
25882
39823
11451
92377
88342
72929
75114
17635
28507
2130
11008
34795
91336
46794
32015
35619
92655
64574
20400
20896
94812
46082
58635
96338
85564
47870
24857
56893
11269
92886
40899
16888
47214
3418
49091
67125
19443
3907
37876
75520
93463
95498
82128
13070
4627
3406
50388
54591
18423
55469
24047
55723
11902
51249
5309
16374
85176
88102
31358
33004
35285
46655
57360
82085
35678
86941
76452
44545
68283
69249
44942
24741
2872
45579
15770
44231
75661
66440
99039
78276
24383
64315
84156
38516
6732
99421
67807
85299
8187
73932
84070
62154
58565
27799
24128
78608
42575
57814
65936
79947
97423
10654
86664
35940
38818
96847
73986
32071
50908
54433
79425
80880
89005
55868
54817
68640
59154
37805
40935
53528
27861
84890
26094
64259
75355
34442
85397
35329
77068
39708
93979
89084
41248
86831
3058
13691
59366
74407
14577
69562
47020
11918
18440
16963
61563
97354
10122
92269
17818
92819
70847
2398
17550
59714
70974
47299
28049
76257
67254
50070
54560
69348
76688
85213
97589
92048
44375
42390
8344
36546
18724
84240
5699
39185
44716
96463
92620
8026
77605
77546
37958
66454
64529
7447
7936
66526
84307
79899
86348
79642
50852
45580
89098
10066
19544
19060
68326
19037
58991
54187
46267
66470
73266
41466
18206
76170
87393
73209
55865
61992
44639
55035
73548
17218
79339
85355
4262
70950
84912
43370
13761
42455
1607
99199
20228
95908
99263
79576
48793
54938
82719
12992
25785
85300
60586
95608
7304
14419
88825
46542
61109
65624
33244
66436
46313
65699
21652
57243
10755
40403
77090
28664
74002
28719
20953
51858
99158
18020
46427
50098
9464
45614
8323
96038
95696
89019
8055
93579
69606
43539
98496
34321
29044
995
13323
96923
71025
81108
46808
45351
89988
65289
16765
5316
38407
80092
81322
33888
93265
63979
94460
89914
44443
61361
49563
22190
65088
26588
39708
13974
28736
78916
59126
16444
80793
36512
98353
29016
23782
69879
52551
6407
22992
67506
51467
77319
687
44116
32884
51
62936
90850
53358
9795
48984
20547
21781
11064
26743
12321
94183
77044
48434
82255
88800
2047
4104
60443
97575
43152
77613
30018
71731
89646
59940
86488
62854
54855
11298
5680
37759
78308
86639
70310
87455
73688
65718
91972
56645
31670
54826
14122
45591
70643
77655
19634
83610
5224
57535
22867
22701
45843
3873
58716
26981
48703
8514
98231
72680
54961
34388
49253
1304
45862
95052
77674
77871
50505
88003
67717
88177
82221
18095
61824
45199
18529
81238
37635
95884
10174
53552
57986
29661
31977
48164
26460
88205
61850
99276
12077
66546
15255
10298
2078
51671
15476
35967
21520
62968
26338
94582
55949
8943
99641
56479
35913
13846
90118
55400
33365
46674
95539
42301
52499
61549
38399
23946
94024
11438
46403
8541
30071
42998
93235
33910
12209
66738
49365
43838
5812
11012
51105
82812
63525
76021
47154
49040
91164
26645
88223
27820
84001
66913
10938
22312
9279
84299
28440
26259
24221
28307
11208
83902
48867
1730
46062
23451
19449
30830
49094
2992
36873
42275
28966
15916
3069
92482
6343
9322
86790
77114
52764
14383
47747
82499
39240
80139
98365
2114
51439
19492
5467
17331
51420
49208
57982
3794
45141
42722
71143
25109
14905
54412
54478
8240
95714
51322
34678
15477
84683
70847
19959
2161
36118
15950
78405
80445
78129
58317
35957
47969
60465
10482
92315
43533
35143
86412
61300
50512
27746
33330
68858
24521
99291
99794
21973
51424
24219
62214
16448
23078
51410
12165
97688
58646
90461
2182
9270
41504
26703
30822
20619
9207
11916
49609
83106
1893
1369
86321
88113
25327
22550
55466
58703
37902
57841
72862
29062
76586
30645
7890
7865
514
23781
5319
97735
30148
2233
73552
97250
85688
54717
23410
73701
83253
56983
56747
48025
38622
6174
68663
38931
38937
31538
41634
60835
13185
85399
31446
83719
20420
5523
7408
96579
41027
91577
32717
24741
27211
87829
63676
58115
22087
58626
67797
45190
11270
22782
42289
20822
69805
74127
50433
66553
73637
82682
11095
1535
42272
18538
10855
23185
1239
78000
54567
65917
16107
75707
26707
64485
48386
3328
87484
90367
9710
52775
50307
8331
62037
48369
80495
75673
86162
53204
20372
27172
13645
87847
10022
88525
7377
33540
60404
64091
19906
17918
15132
3435
31415
92914
65081
94670
74753
31518
11259
22764
21440
93430
45258
95980
7738
715
85422
14629
31716
1153
55591
28489
63527
58488
70295
93535
6399
73690
62490
31060
48441
21872
70143
66332
1727
14438
75179
49050
75616
78350
97997
49700
28981
43916
87054
672
21841
29019
76371
2175
9610
5147
47323
47553
641
94761
80775
52706
91599
81525
29859
58913
7730
38888
71201
78089
46351
38366
19251
81175
19804
92941
69184
47085
16693
14666
58699
18736
41314
67414
35810
27433
2544
71364
47422
10451
37770
40846
2566
77824
33085
23763
24758
70399
90083
31142
84392
85919
57901
56161
56299
42666
52553
9698
26452
39868
44019
92094
23438
59340
23508
28634
80537
50113
27612
11288
80790
83402
62158
47088
49711
28211
59166
50827
17572
73426
44551
73386
21805
71994
95774
4712
6194
66770
35181
76610
14531
16959
95308
37724
15675
66994
25528
87952
12570
37236
33604
28481
53682
21980
88020
71712
16799
52887
73541
29361
32719
30008
10185
64186
48611
36084
36904
6705
33670
12565
32496
39216
51550
37166
69861
77710
83350
10227
62744
46622
60074
84456
41193
23329
13390
6217
1287
32630
89912
6128
46719
64794
25166
98401
38063
3400
89659
77832
22194
64557
46513
45589
69662
98958
78556
56242
69080
67423
50945
55055
52550
26956
34212
7918
91673
6466
74641
56446
72045
58778
97412
23322
37002
79705
91949
62064
84075
3181
10996
17661
15836
9828
20985
49490
76907
54680
88619
16140
3039
67035
67164
60099
65323
86364
36474
18510
62040
80446
48811
90666
82846
91829
35248
50790
19587
24809
81165
89317
39538
17647
71888
21494
94290
6988
24147
72124
67808
98014
84009
14737
88351
14385
76221
74109
8466
65421
64694
46336
96397
82259
72558
27510
85823
49720
47266
97861
14965
32837
83344
60467
9014
86316
37559
76153
71899
14174
71689
49391
3519
37924
62616
29355
133
43372
97097
44623
66576
18079
62849
17378
25807
27587
25
57559
42794
16818
72578
33885
73276
34596
47429
83050
62051
21446
95518
53199
71502
97605
24970
15949
83109
37397
54036
95736
69918
19742
15205
66835
62741
28327
65600
83997
87040
27764
45483
55810
42470
49982
52951
25413
59153
67524
73601
42238
42925
97794
43925
22289
89451
61949
87024
32042
63029
59523
97378
51440
88530
80650
78161
53588
74195
56264
78566
67640
37534
30172
54822
87173
82404
99375
33936
11160
75387
29743
20054
23730
37583
64247
17571
8584
33412
94545
58963
83882
94543
76629
51754
9198
31196
55865
6344
22517
50745
2369
57688
17860
97157
45444
89855
9320
41486
19604
80619
41740
77985
87013
37787
54756
54686
74999
25131
34042
77625
33513
44848
14275
81928
49916
39870
36873
90769
94775
63093
38204
66223
73667
74968
38995
72550
25311
13452
60816
21164
88377
45826
99106
29965
71100
59038
4005
26511
84454
79828
68783
63751
22671
67343
45101
78403
93810
53220
18841
24511
72239
84776
14479
70533
2975
80619
39687
1781
78183
34588
21596
26773
97678
43442
2117
34864
68151
34534
2139
73906
89579
2006
7990
83343
9586
80492
19844
57533
81560
61068
76696
54941
46587
18732
92553
15822
55663
74933
12348
61734
48994
62500
27257
96032
25242
5616
17310
88656
26319
39348
66707
98420
14884
19449
63393
17786
42169
51459
50327
84569
77419